snr,bErr
0,0.192392156862746
2,0.145352941176472
4,0.100823529411766
6,0.0670000000000007
8,0.0454901960784317
10,0.0291960784313725
12,0.0190980392156862
14,0.0116274509803921
16,0.00778431372549018
18,0.00466666666666666
20,0.00317647058823529
22,0.00201960784313725
24,0.00196078431372549
26,0.00101960784313726
28,0.000862745098039216
30,0.000254901960784314
32,0.000470588235294117
34,0.000431372549019608
36,0.000313725490196078
38,0.000274509803921569
40,0.000215686274509804
42,0.000313725490196078
44,0.000333333333333333
46,0.000235294117647059
48,0.000215686274509804
50,0.000196078431372549
